-0.0008514383
-0.0008572529
-0.0008629398
-0.0008684958
-0.0008739177
-0.0008792024
-0.0008843467
-0.0008893474
-0.0008942013
-0.0008989051
-0.0009034558
-0.0009078501
-0.0009120847
-0.0009161565
-0.0009200621
-0.0009237985
-0.0009273623
-0.0009307504
-0.0009339595
-0.0009369863
-0.0009398277
-0.0009424805
-0.0009449414
-0.0009472073
-0.0009492749
-0.0009511410
-0.0009528024
-0.0009542561
-0.0009554987
-0.0009565271
-0.0009573383
-0.0009579290
-0.0009582961
-0.0009584366
-0.0009583473
-0.0009580251
-0.0009574671
-0.0009566701
-0.0009556312
-0.0009543473
-0.0009528155
-0.0009510328
-0.0009489963
-0.0009467031
-0.0009441502
-0.0009413349
-0.0009382543
-0.0009349055
-0.0009312860
-0.0009273928
-0.0009232233
-0.0009187749
-0.0009140448
-0.0009090305
-0.0009037294
-0.0008981391
-0.0008922569
-0.0008860805
-0.0008796074
-0.0008728353
-0.0008657618
-0.0008583847
-0.0008507018
-0.0008427108
-0.0008344096
-0.0008257962
-0.0008168685
-0.0008076244
-0.0007980622
-0.0007881798
-0.0007779755
-0.0007674476
-0.0007565942
-0.0007454137
-0.0007339046
-0.0007220653
-0.0007098944
-0.0006973904
-0.0006845519
-0.0006713779
-0.0006578669
-0.0006440179
-0.0006298297
-0.0006153015
-0.0006004322
-0.0005852211
-0.0005696672
-0.0005537700
-0.0005375287
-0.0005209429
-0.0005040120
-0.0004867356
-0.0004691135
-0.0004511453
-0.0004328310
-0.0004141704
-0.0003951636
-0.0003758106
-0.0003561118
-0.0003360672
-0.0003156773
-0.0002949426
-0.0002738636
-0.0002524409
-0.0002306753
-0.0002085675
-0.0001861185
-0.0001633294
-0.0001402012
-0.0001167351
-0.0000929325
-0.0000687948
-0.0000443234
-0.0000195200
+0.0000056137
+0.0000310759
+0.0000568647
+0.0000829780
+0.0001094137
+0.0001361695
+0.0001632432
+0.0001906322
+0.0002183341
+0.0002463460
+0.0002746653
+0.0003032890
+0.0003322142
+0.0003614377
+0.0003909563
+0.0004207666
+0.0004508652
+0.0004812484
+0.0005119127
+0.0005428542
+0.0005740690
+0.0006055530
+0.0006373021
+0.0006693120
+0.0007015783
+0.0007340965
+0.0007668620
+0.0007998701
+0.0008331158
+0.0008665941
+0.0009003000
+0.0009342283
+0.0009683735
+0.0010027303
+0.0010372930
+0.0010720559
+0.0011070132
+0.0011421590
+0.0011774871
+0.0012129914
+0.0012486655
+0.0012845031
+0.0013204976
+0.0013566423
+0.0013929304
+0.0014293549
+0.0014659090
+0.0015025853
+0.0015393767
+0.0015762757
+0.0016132749
+0.0016503666
+0.0016875430
+0.0017247963
+0.0017621186
+0.0017995017
+0.0018369375
+0.0018744175
+0.0019119334
+0.0019494766
+0.0019870385
+0.0020246103
+0.0020621830
+0.0020997478
+0.0021372954
+0.0021748167
+0.0022123024
+0.0022497431
+0.0022871291
+0.0023244509
+0.0023616988
+0.0023988628
+0.0024359331
+0.0024728996
+0.0025097523
+0.0025464807
+0.0025830747
+0.0026195238
+0.0026558174
+0.0026919451
+0.0027278960
+0.0027636594
+0.0027992245
+0.0028345802
+0.0028697156
+0.0029046195
+0.0029392807
+0.0029736880
+0.0030078300
+0.0030416953
+0.0030752724
+0.0031085497
+0.0031415156
+0.0031741584
+0.0032064663
+0.0032384276
+0.0032700302
+0.0033012624
+0.0033321121
+0.0033625672
+0.0033926157
+0.0034222454
+0.0034514441
+0.0034801997
+0.0035084998
+0.0035363320
+0.0035636842
+0.0035905439
+0.0036168987
+0.0036427361
+0.0036680438
+0.0036928091
+0.0037170197
+0.0037406631
+0.0037637266
+0.0037861978
+0.0038080642
+0.0038293131
+0.0038499320
+0.0038699085
+0.0038892298
+0.0039078837
+0.0039258574
+0.0039431385
+0.0039597145
+0.0039755730
+0.0039907015
+0.0040050876
+0.0040187189
+0.0040315832
+0.0040436680
+0.0040549611
+0.0040654503
+0.0040751235
+0.0040839684
+0.0040919732
+0.0040991256
+0.0041054139
+0.0041108262
+0.0041153506
+0.0041189755
+0.0041216891
+0.0041234800
+0.0041243366
+0.0041242476
+0.0041232017
+0.0041211876
+0.0041181943
+0.0041142108
+0.0041092262
+0.0041032298
+0.0040962109
+0.0040881589
+0.0040790635
+0.0040689144
+0.0040577015
+0.0040454147
+0.0040320441
+0.0040175802
+0.0040020133
+0.0039853339
+0.0039675329
+0.0039486011
+0.0039285296
+0.0039073097
+0.0038849328
+0.0038613903
+0.0038366743
+0.0038107765
+0.0037836891
+0.0037554046
+0.0037259153
+0.0036952142
+0.0036632940
+0.0036301481
+0.0035957697
+0.0035601525
+0.0035232903
+0.0034851771
+0.0034458072
+0.0034051752
+0.0033632758
+0.0033201039
+0.0032756549
+0.0032299242
+0.0031829075
+0.0031346010
+0.0030850007
+0.0030341034
+0.0029819058
+0.0029284050
+0.0028735983
+0.0028174835
+0.0027600583
+0.0027013212
+0.0026412704
+0.0025799050
+0.0025172240
+0.0024532268
+0.0023879131
+0.0023212830
+0.0022533368
+0.0021840753
+0.0021134993
+0.0020416103
+0.0019684098
+0.0018938998
+0.0018180828
+0.0017409612
+0.0016625381
+0.0015828169
+0.0015018013
+0.0014194952
+0.0013359031
+0.0012510296
+0.0011648801
+0.0010774598
+0.0009887746
+0.0008988308
+0.0008076349
+0.0007151939
+0.0006215150
+0.0005266060
+0.0004304750
+0.0003331303
+0.0002345810
+0.0001348361
+0.0000339054
-0.0000682012
-0.0001714733
-0.0002759001
-0.0003814703
-0.0004881724
-0.0005959944
-0.0007049239
-0.0008149481
-0.0009260538
-0.0010382275
-0.0011514550
-0.0012657220
-0.0013810137
-0.0014973148
-0.0016146097
-0.0017328823
-0.0018521162
-0.0019722945
-0.0020933999
-0.0022154147
-0.0023383208
-0.0024620997
-0.0025867324
-0.0027121996
-0.0028384816
-0.0029655581
-0.0030934085
-0.0032220119
-0.0033513469
-0.0034813916
-0.0036121238
-0.0037435209
-0.0038755599
-0.0040082172
-0.0041414690
-0.0042752911
-0.0044096589
-0.0045445471
-0.0046799305
-0.0048157831
-0.0049520787
-0.0050887906
-0.0052258919
-0.0053633550
-0.0055011522
-0.0056392553
-0.0057776356
-0.0059162644
-0.0060551122
-0.0061941493
-0.0063333457
-0.0064726709
-0.0066120941
-0.0067515843
-0.0068911098
-0.0070306388
-0.0071701392
-0.0073095783
-0.0074489233
-0.0075881409
-0.0077271977
-0.0078660596
-0.0080046926
-0.0081430621
-0.0082811332
-0.0084188709
-0.0085562397
-0.0086932039
-0.0088297274
-0.0089657739
-0.0091013069
-0.0092362895
-0.0093706846
-0.0095044548
-0.0096375624
-0.0097699695
-0.0099016381
-0.0100325298
-0.0101626059
-0.0102918276
-0.0104201559
-0.0105475516
-0.0106739753
-0.0107993872
-0.0109237476
-0.0110470164
-0.0111691536
-0.0112901187
-0.0114098713
-0.0115283708
-0.0116455763
-0.0117614470
-0.0118759419
-0.0119890198
-0.0121006395
-0.0122107597
-0.0123193389
-0.0124263356
-0.0125317083
-0.0126354153
-0.0127374150
-0.0128376656
-0.0129361255
-0.0130327528
-0.0131275058
-0.0132203426
-0.0133112216
-0.0134001009
-0.0134869389
-0.0135716938
-0.0136543241
-0.0137347881
-0.0138130444
-0.0138890515
-0.0139627681
-0.0140341529
-0.0141031650
-0.0141697632
-0.0142339067
-0.0142955549
-0.0143546672
-0.0144112031
-0.0144651226
-0.0145163856
-0.0145649523
-0.0146107831
-0.0146538387
-0.0146940800
-0.0147314680
-0.0147659643
-0.0147975305
-0.0148261285
-0.0148517206
-0.0148742693
-0.0148937376
-0.0149100888
-0.0149232862
-0.0149332940
-0.0149400764
-0.0149435981
-0.0149438242
-0.0149407202
-0.0149342520
-0.0149243859
-0.0149110888
-0.0148943279
-0.0148740710
-0.0148502862
-0.0148229422
-0.0147920083
-0.0147574542
-0.0147192502
-0.0146773671
-0.0146317762
-0.0145824495
-0.0145293596
-0.0144724795
-0.0144117830
-0.0143472443
-0.0142788386
-0.0142065414
-0.0141303291
-0.0140501784
-0.0139660672
-0.0138779737
-0.0137858770
-0.0136897568
-0.0135895935
-0.0134853685
-0.0133770637
-0.0132646617
-0.0131481463
-0.0130275015
-0.0129027127
-0.0127737656
-0.0126406470
-0.0125033445
-0.0123618466
-0.0122161424
-0.0120662222
-0.0119120770
-0.0117536986
-0.0115910800
-0.0114242148
-0.0112530976
-0.0110777242
-0.0108980909
-0.0107141953
-0.0105260358
-0.0103336118
-0.0101369237
-0.0099359729
-0.0097307617
-0.0095212937
-0.0093075731
-0.0090896054
-0.0088673972
-0.0086409559
-0.0084102900
-0.0081754094
-0.0079363246
-0.0076930475
-0.0074455909
-0.0071939688
-0.0069381963
-0.0066782895
-0.0064142658
-0.0061461435
-0.0058739423
-0.0055976828
-0.0053173868
-0.0050330773
-0.0047447784
-0.0044525154
-0.0041563148
-0.0038562041
-0.0035522122
-0.0032443689
-0.0029327055
-0.0026172543
-0.0022980488
-0.0019751237
-0.0016485150
-0.0013182597
-0.0009843961
-0.0006469639
-0.0003060036
+0.0000384426
+0.0003863318
+0.0007376195
+0.0010922602
+0.0014502070
+0.0018114120
+0.0021758259
+0.0025433983
+0.0029140776
+0.0032878108
+0.0036645439
+0.0040442216
+0.0044267874
+0.0048121836
+0.0052003512
+0.0055912302
+0.0059847591
+0.0063808755
+0.0067795156
+0.0071806145
+0.0075841061
+0.0079899231
+0.0083979970
+0.0088082582
+0.0092206359
+0.0096350581
+0.0100514516
+0.0104697421
+0.0108898543
+0.0113117115
+0.0117352361
+0.0121603492
+0.0125869709
+0.0130150201
+0.0134444147
+0.0138750714
+0.0143069059
+0.0147398329
+0.0151737659
+0.0156086173
+0.0160442988
+0.0164807206
+0.0169177922
+0.0173554221
+0.0177935176
+0.0182319852
+0.0186707304
+0.0191096577
+0.0195486707
+0.0199876719
+0.0204265633
+0.0208652455
+0.0213036186
+0.0217415817
+0.0221790329
+0.0226158698
+0.0230519888
+0.0234872858
+0.0239216557
+0.0243549928
+0.0247871905
+0.0252181416
+0.0256477381
+0.0260758714
+0.0265024320
+0.0269273100
+0.0273503948
+0.0277715750
+0.0281907387
+0.0286077737
+0.0290225668
+0.0294350045
+0.0298449729
+0.0302523572
+0.0306570426
+0.0310589137
+0.0314578544
+0.0318537486
+0.0322464795
+0.0326359303
+0.0330219835
+0.0334045216
+0.0337834265
+0.0341585802
+0.0345298642
+0.0348971599
+0.0352603486
+0.0356193113
+0.0359739289
+0.0363240824
+0.0366696523
+0.0370105196
+0.0373465648
+0.0376776688
+0.0380037122
+0.0383245759
+0.0386401408
+0.0389502879
+0.0392548984
+0.0395538538
+0.0398470355
+0.0401343254
+0.0404156056
+0.0406907585
+0.0409596668
+0.0412222136
+0.0414782823
+0.0417277569
+0.0419705216
+0.0422064614
+0.0424354616
+0.0426574079
+0.0428721870
+0.0430796858
+0.0432797921
+0.0434723942
+0.0436573812
+0.0438346430
+0.0440040701
+0.0441655538
+0.0443189865
+0.0444642612
+0.0446012718
+0.0447299133
+0.0448500815
+0.0449616733
+0.0450645865
+0.0451587201
+0.0452439742
+0.0453202499
+0.0453874495
+0.0454454765
+0.0454942356
+0.0455336329
+0.0455635756
+0.0455839723
+0.0455947330
+0.0455957690
+0.0455869931
+0.0455683194
+0.0455396637
+0.0455009432
+0.0454520767
+0.0453929845
+0.0453235885
+0.0452438123
+0.0451535813
+0.0450528225
+0.0449414645
+0.0448194379
+0.0446866750
+0.0445431099
+0.0443886787
+0.0442233193
+0.0440469714
+0.0438595770
+0.0436610797
+0.0434514255
+0.0432305621
+0.0429984395
+0.0427550097
+0.0425002269
+0.0422340475
+0.0419564299
+0.0416673351
+0.0413667258
+0.0410545676
+0.0407308279
+0.0403954767
+0.0400484863
+0.0396898313
+0.0393194888
+0.0389374385
+0.0385436621
+0.0381381444
+0.0377208721
+0.0372918349
+0.0368510249
+0.0363984366
+0.0359340675
+0.0354579174
+0.0349699888
+0.0344702871
+0.0339588201
+0.0334355986
+0.0329006358
+0.0323539480
+0.0317955540
+0.0312254756
+0.0306437372
+0.0300503663
+0.0294453931
+0.0288288506
+0.0282007748
+0.0275612045
+0.0269101815
+0.0262477505
+0.0255739591
+0.0248888578
+0.0241925003
+0.0234849431
+0.0227662457
+0.0220364706
+0.0212956833
+0.0205439524
+0.0197813496
+0.0190079493
+0.0182238294
+0.0174290705
+0.0166237565
+0.0158079741
+0.0149818134
+0.0141453673
+0.0132987320
+0.0124420066
+0.0115752934
+0.0106986977
+0.0098123280
+0.0089162959
+0.0080107159
+0.0070957058
+0.0061713863
+0.0052378815
+0.0042953181
+0.0033438264
+0.0023835393
+0.0014145931
+0.0004371270
-0.0005487166
-0.0015427925
-0.0025449523
-0.0035550445
-0.0045729147
-0.0055984056
-0.0066313567
-0.0076716045
-0.0087189827
-0.0097733221
-0.0108344503
-0.0119021921
-0.0129763695
-0.0140568015
-0.0151433042
-0.0162356910
-0.0173337722
-0.0184373557
-0.0195462462
-0.0206602459
-0.0217791540
-0.0229027674
-0.0240308799
-0.0251632828
-0.0262997648
-0.0274401118
-0.0285841074
-0.0297315324
-0.0308821652
-0.0320357817
-0.0331921552
-0.0343510567
-0.0355122549
-0.0366755158
-0.0378406034
-0.0390072793
-0.0401753028
-0.0413444310
-0.0425144188
-0.0436850190
-0.0448559823
-0.0460270572
-0.0471979905
-0.0483685266
-0.0495384082
-0.0507073762
-0.0518751695
-0.0530415251
-0.0542061786
-0.0553688634
-0.0565293116
-0.0576872536
-0.0588424182
-0.0599945328
-0.0611433230
-0.0622885134
-0.0634298269
-0.0645669854
-0.0656997094
-0.0668277180
-0.0679507294
-0.0690684608
-0.0701806280
-0.0712869461
-0.0723871293
-0.0734808906
-0.0745679427
-0.0756479972
-0.0767207650
-0.0777859566
-0.0788432817
-0.0798924497
-0.0809331695
-0.0819651495
-0.0829880980
-0.0840017228
-0.0850057317
-0.0859998323
-0.0869837323
-0.0879571391
-0.0889197605
-0.0898713043
-0.0908114784
-0.0917399913
-0.0926565515
-0.0935608682
-0.0944526509
-0.0953316097
-0.0961974554
-0.0970498994
-0.0978886540
-0.0987134322
-0.0995239480
-0.1003199163
-0.1011010533
-0.1018670760
-0.1026177027
-0.1033526532
-0.1040716484
-0.1047744106
-0.1054606638
-0.1061301335
-0.1067825467
-0.1074176322
-0.1080351207
-0.1086347447
-0.1092162386
-0.1097793388
-0.1103237839
-0.1108493145
-0.1113556736
-0.1118426064
-0.1123098606
-0.1127571863
-0.1131843361
-0.1135910654
-0.1139771320
-0.1143422966
-0.1146863229
-0.1150089772
-0.1153100291
-0.1155892511
-0.1158464188
-0.1160813110
-0.1162937100
-0.1164834012
-0.1166501735
-0.1167938194
-0.1169141350
-0.1170109198
-0.1170839771
-0.1171331143
-0.1171581423
-0.1171588761
-0.1171351346
-0.1170867409
-0.1170135221
-0.1169153097
-0.1167919392
-0.1166432508
-0.1164690888
-0.1162693021
-0.1160437442
-0.1157922733
-0.1155147519
-0.1152110477
-0.1148810330
-0.1145245848
-0.1141415854
-0.1137319218
-0.1132954862
-0.1128321759
-0.1123418934
-0.1118245462
-0.1112800475
-0.1107083155
-0.1101092740
-0.1094828523
-0.1088289849
-0.1081476123
-0.1074386804
-0.1067021407
-0.1059379506
-0.1051460732
-0.1043264774
-0.1034791381
-0.1026040359
-0.1017011575
-0.1007704957
-0.0998120492
-0.0988258228
-0.0978118276
-0.0967700808
-0.0957006057
-0.0946034321
-0.0934785958
-0.0923261391
-0.0911461107
-0.0899385657
-0.0887035655
-0.0874411780
-0.0861514777
-0.0848345456
-0.0834904691
-0.0821193422
-0.0807212658
-0.0792963469
-0.0778446996
-0.0763664444
-0.0748617086
-0.0733306261
-0.0717733376
-0.0701899905
-0.0685807388
-0.0669457436
-0.0652851724
-0.0635991995
-0.0618880063
-0.0601517806
-0.0583907172
-0.0566050176
-0.0547948902
-0.0529605500
-0.0511022189
-0.0492201257
-0.0473145057
-0.0453856011
-0.0434336610
-0.0414589411
-0.0394617037
-0.0374422182
-0.0354007603
-0.0333376128
-0.0312530647
-0.0291474120
-0.0270209574
-0.0248740098
-0.0227068850
-0.0205199054
-0.0183133997
-0.0160877032
-0.0138431577
-0.0115801114
-0.0092989188
-0.0069999410
-0.0046835452
-0.0023501049
+0.0000000000
+0.0023663836
+0.0047486538
+0.0071464124
+0.0095592550
+0.0119867714
+0.0144285454
+0.0168841548
+0.0193531718
+0.0218351626
+0.0243296877
+0.0268363020
+0.0293545549
+0.0318839900
+0.0344241458
+0.0369745551
+0.0395347454
+0.0421042391
+0.0446825533
+0.0472692001
+0.0498636864
+0.0524655143
+0.0550741809
+0.0576891786
+0.0603099950
+0.0629361132
+0.0655670116
+0.0682021642
+0.0708410407
+0.0734831066
+0.0761278229
+0.0787746468
+0.0814230314
+0.0840724260
+0.0867222759
+0.0893720228
+0.0920211049
+0.0946689569
+0.0973150098
+0.0999586918
+0.1025994275
+0.1052366387
+0.1078697440
+0.1104981595
+0.1131212982
+0.1157385707
+0.1183493849
+0.1209531466
+0.1235492591
+0.1261371236
+0.1287161392
+0.1312857033
+0.1338452112
+0.1363940569
+0.1389316325
+0.1414573289
+0.1439705357
+0.1464706412
+0.1489570329
+0.1514290972
+0.1538862198
+0.1563277858
+0.1587531798
+0.1611617859
+0.1635529881
+0.1659261702
+0.1682807163
+0.1706160103
+0.1729314366
+0.1752263802
+0.1775002265
+0.1797523616
+0.1819821726
+0.1841890477
+0.1863723760
+0.1885315481
+0.1906659560
+0.1927749934
+0.1948580555
+0.1969145395
+0.1989438449
+0.2009453728
+0.2029185272
+0.2048627143
+0.2067773428
+0.2086618245
+0.2105155738
+0.2123380083
+0.2141285488
+0.2158866195
+0.2176116480
+0.2193030656
+0.2209603075
+0.2225828128
+0.2241700246
+0.2257213904
+0.2272363619
+0.2287143957
+0.2301549526
+0.2315574987
+0.2329215049
+0.2342464471
+0.2355318069
+0.2367770708
+0.2379817313
+0.2391452864
+0.2402672401
+0.2413471023
+0.2423843892
+0.2433786232
+0.2443293332
+0.2452360546
+0.2460983297
+0.2469157076
+0.2476877443
+0.2484140031
+0.2490940545
+0.2497274766
+0.2503138549
+0.2508527826
+0.2513438610
+0.2517866990
+0.2521809138
+0.2525261310
+0.2528219843
+0.2530681160
+0.2532641771
+0.2534098273
+0.2535047353
+0.2535485786
+0.2535410439
+0.2534818274
+0.2533706344
+0.2532071797
+0.2529911880
+0.2527223934
+0.2524005400
+0.2520253819
+0.2515966832
+0.2511142183
+0.2505777716
+0.2499871383
+0.2493421238
+0.2486425443
+0.2478882265
+0.2470790081
+0.2462147376
+0.2452952745
+0.2443204895
+0.2432902644
+0.2422044922
+0.2410630774
+0.2398659359
+0.2386129951
+0.2373041940
+0.2359394834
+0.2345188257
+0.2330421953
+0.2315095784
+0.2299209733
+0.2282763901
+0.2265758513
+0.2248193915
+0.2230070574
+0.2211389082
+0.2192150153
+0.2172354626
+0.2152003463
+0.2131097753
+0.2109638709
+0.2087627671
+0.2065066104
+0.2041955601
+0.2018297881
+0.1994094791
+0.1969348304
+0.1944060524
+0.1918233681
+0.1891870133
+0.1864972367
+0.1837542998
+0.1809584773
+0.1781100563
+0.1752093372
+0.1722566330
+0.1692522698
+0.1661965865
+0.1630899349
+0.1599326798
+0.1567251986
+0.1534678819
+0.1501611328
+0.1468053675
+0.1434010149
+0.1399485165
+0.1364483269
+0.1329009131
+0.1293067550
+0.1256663448
+0.1219801877
+0.1182488012
+0.1144727154
+0.1106524728
+0.1067886283
+0.1028817493
+0.0989324153
+0.0949412179
+0.0909087613
+0.0868356613
+0.0827225460
+0.0785700554
+0.0743788412
+0.0701495672
+0.0658829085
+0.0615795521
+0.0572401963
+0.0528655511
+0.0484563376
+0.0440132881
+0.0395371462
+0.0350286663
+0.0304886139
+0.0259177653
+0.0213169072
+0.0166868371
+0.0120283630
+0.0073423030
+0.0026294856
-0.0021092509
-0.0068730580
-0.0116610777
-0.0164724420
-0.0213062736
-0.0261616860
-0.0310377832
-0.0359336602
-0.0408484031
-0.0457810894
-0.0507307878
-0.0556965586
-0.0606774540
-0.0656725178
-0.0706807861
-0.0757012872
-0.0807330417
-0.0857750629
-0.0908263569
-0.0958859225
-0.1009527520
-0.1060258308
-0.1111041378
-0.1161866457
-0.1212723210
-0.1263601245
-0.1314490110
-0.1365379300
-0.1416258257
-0.1467116371
-0.1517942984
-0.1568727391
-0.1619458842
-0.1670126546
-0.1720719669
-0.1771227342
-0.1821638658
-0.1871942676
-0.1922128425
-0.1972184904
-0.2022101086
-0.2071865917
-0.2121468324
-0.2170897210
-0.2220141465
-0.2269189960
-0.2318031554
-0.2366655096
-0.2415049426
-0.2463203380
-0.2511105789
-0.2558745483
-0.2606111294
-0.2653192060
-0.2699976621
-0.2746453831
-0.2792612551
-0.2838441660
-0.2883930049
-0.2929066633
-0.2973840345
-0.3018240143
-0.3062255011
-0.3105873964
-0.3149086046
-0.3191880337
-0.3234245954
-0.3276172052
-0.3317647830
-0.3358662528
-0.3399205436
-0.3439265893
-0.3478833289
-0.3517897071
-0.3556446742
-0.3594471863
-0.3631962061
-0.3668907025
-0.3705296514
-0.3741120356
-0.3776368451
-0.3811030776
-0.3845097383
-0.3878558408
-0.3911404067
-0.3943624662
-0.3975210584
-0.4006152313
-0.4036440423
-0.4066065582
-0.4095018558
-0.4123290217
-0.4150871530
-0.4177753572
-0.4203927525
-0.4229384682
-0.4254116450
-0.4278114348
-0.4301370013
-0.4323875204
-0.4345621799
-0.4366601802
-0.4386807344
-0.4406230682
-0.4424864207
-0.4442700443
-0.4459732049
-0.4475951822
-0.4491352699
-0.4505927760
-0.4519670228
-0.4532573473
-0.4544631015
-0.4555836522
-0.4566183817
-0.4575666876
-0.4584279834
-0.4592016983
-0.4598872774
-0.4604841825
-0.4609918914
-0.4614098989
-0.4617377163
-0.4619748720
-0.4621209117
-0.4621753983
-0.4621379123
-0.4620080517
-0.4617854327
-0.4614696891
-0.4610604732
-0.4605574554
-0.4599603246
-0.4592687885
-0.4584825733
-0.4576014242
-0.4566251056
-0.4555534009
-0.4543861127
-0.4531230632
-0.4517640942
-0.4503090670
-0.4487578627
-0.4471103823
-0.4453665468
-0.4435262974
-0.4415895953
-0.4395564222
-0.4374267798
-0.4352006907
-0.4328781977
-0.4304593644
-0.4279442751
-0.4253330347
-0.4226257690
-0.4198226247
-0.4169237694
-0.4139293916
-0.4108397011
-0.4076549283
-0.4043753253
-0.4010011647
-0.3975327407
-0.3939703686
-0.3903143847
-0.3865651468
-0.3827230338
-0.3787884457
-0.3747618039
-0.3706435509
-0.3664341505
-0.3621340878
-0.3577438687
-0.3532640206
-0.3486950918
-0.3440376520
-0.3392922915
-0.3344596219
-0.3295402757
-0.3245349063
-0.3194441879
-0.3142688154
-0.3090095046
-0.3036669918
-0.2982420338
-0.2927354079
-0.2871479120
-0.2814803639
-0.2757336020
-0.2699084844
-0.2640058895
-0.2580267152
-0.2519718796
-0.2458423201
-0.2396389936
-0.2333628765
-0.2270149645
-0.2205962720
-0.2141078328
-0.2075506991
-0.2009259420
-0.1942346510
-0.1874779337
-0.1806569162
-0.1737727422
-0.1668265733
-0.1598195889
-0.1527529854
-0.1456279767
-0.1384457936
-0.1312076837
-0.1239149113
-0.1165687569
-0.1091705174
-0.1017215053
-0.0942230492
-0.0866764929
-0.0790831957
-0.0714445318
-0.0637618900
-0.0560366739
-0.0482703013
-0.0404642039
-0.0326198273
-0.0247386306
-0.0168220860
-0.0088716789
-0.0008889070
+0.0071247192
+0.0151676774
+0.0232384331
+0.0313354405
+0.0394571427
+0.0476019714
+0.0557683480
+0.0639546834
+0.0721593786
+0.0803808246
+0.0886174033
+0.0968674872
+0.1051294403
+0.1134016179
+0.1216823673
+0.1299700280
+0.1382629320
+0.1465594042
+0.1548577627
+0.1631563190
+0.1714533788
+0.1797472417
+0.1880362022
+0.1963185495
+0.2045925681
+0.2128565383
+0.2211087363
+0.2293474348
+0.2375709029
+0.2457774072
+0.2539652114
+0.2621325773
+0.2702777647
+0.2783990321
+0.2864946369
+0.2945628357
+0.3026018849
+0.3106100410
+0.3185855609
+0.3265267022
+0.3344317239
+0.3422988865
+0.3501264524
+0.3579126865
+0.3656558563
+0.3733542324
+0.3810060892
+0.3886097045
+0.3961633608
+0.4036653451
+0.4111139494
+0.4185074713
+0.4258442140
+0.4331224871
+0.4403406067
+0.4474968960
+0.4545896854
+0.4616173132
+0.4685781259
+0.4754704782
+0.4822927341
+0.4890432667
+0.4957204588
+0.5023227033
+0.5088484036
+0.5152959737
+0.5216638390
+0.5279504364
+0.5341542149
+0.5402736356
+0.5463071725
+0.5522533125
+0.5581105561
+0.5638774175
+0.5695524251
+0.5751341219
+0.5806210657
+0.5860118297
+0.5913050025
+0.5964991891
+0.6015930102
+0.6065851038
+0.6114741244
+0.6162587443
+0.6209376532
+0.6255095590
+0.6299731879
+0.6343272850
+0.6385706142
+0.6427019589
+0.6467201222
+0.6506239272
+0.6544122174
+0.6580838567
+0.6616377303
+0.6650727444
+0.6683878268
+0.6715819274
+0.6746540178
+0.6776030926
+0.6804281685
+0.6831282858
+0.6857025077
+0.6881499212
+0.6904696368
+0.6926607894
+0.6947225381
+0.6966540668
+0.6984545839
+0.7001233232
+0.7016595437
+0.7030625301
+0.7043315926
+0.7054660679
+0.7064653184
+0.7073287335
+0.7080557288
+0.7086457471
+0.7090982582
+0.7094127591
+0.7095887743
+0.7096258559
+0.7095235839
+0.7092815661
+0.7088994386
+0.7083768659
+0.7077135408
+0.7069091847
+0.7059635479
+0.7048764094
+0.7036475774
+0.7022768890
+0.7007642110
+0.6991094390
+0.6973124984
+0.6953733443
+0.6932919611
+0.6910683633
+0.6887025950
+0.6861947302
+0.6835448731
+0.6807531577
+0.6778197483
+0.6747448390
+0.6715286543
+0.6681714490
+0.6646735080
+0.6610351464
+0.6572567097
+0.6533385736
+0.6492811442
+0.6450848576
+0.6407501804
+0.6362776094
+0.6316676716
+0.6269209242
+0.6220379544
+0.6170193797
+0.6118658476
+0.6065780354
+0.6011566505
+0.5956024301
+0.5899161412
+0.5840985804
+0.5781505739
+0.5720729773
+0.5658666758
+0.5595325836
+0.5530716442
+0.5464848300
+0.5397731424
+0.5329376113
+0.5259792955
+0.5188992820
+0.5116986862
+0.5043786513
+0.4969403489
+0.4893849779
+0.4817137650
+0.4739279642
+0.4660288565
+0.4580177502
+0.4498959800
+0.4416649071
+0.4333259194
+0.4248804303
+0.4163298794
+0.4076757317
+0.3989194775
+0.3900626322
+0.3811067360
+0.3720533535
+0.3629040738
+0.3536605095
+0.3443242974
+0.3348970973
+0.3253805922
+0.3157764877
+0.3060865122
+0.2963124158
+0.2864559708
+0.2765189706
+0.2665032300
+0.2564105846
+0.2462428903
+0.2360020231
+0.2256898789
+0.2153083730
+0.2048594394
+0.1943450310
+0.1837671191
+0.1731276925
+0.1624287577
+0.1516723384
+0.1408604749
+0.1299952238
+0.1190786575
+0.1081128641
+0.0970999467
+0.0860420229
+0.0749412248
+0.0637996982
+0.0526196022
+0.0414031088
+0.0301524028
+0.0188696807
+0.0075571509
-0.0037829673
-0.0151484437
-0.0265370377
-0.0379464994
-0.0493745690
-0.0608189782
-0.0722774502
-0.0837477003
-0.0952274362
-0.1067143587
-0.1182061623
-0.1297005352
-0.1411951602
-0.1526877151
-0.1641758730
-0.1756573031
-0.1871296709
-0.1985906390
-0.2100378671
-0.2214690132
-0.2328817335
-0.2442736830
-0.2556425165
-0.2669858883
-0.2783014534
-0.2895868677
-0.3008397884
-0.3120578747
-0.3232387884
-0.3343801942
-0.3454797600
-0.3565351580
-0.3675440648
-0.3785041619
-0.3894131365
-0.4002686815
-0.4110684966
-0.4218102883
-0.4324917709
-0.4431106665
-0.4536647058
-0.4641516287
-0.4745691843
-0.4849151322
-0.4951872422
-0.5053832952
-0.5155010839
-0.5255384128
-0.5354930990
-0.5453629726
-0.5551458774
-0.5648396710
-0.5744422255
-0.5839514283
-0.5933651818
-0.6026814046
-0.6118980319
-0.6210130154
-0.6300243244
-0.6389299460
-0.6477278857
-0.6564161675
-0.6649928349
-0.6734559509
-0.6818035986
-0.6900338819
-0.6981449254
-0.7061348755
-0.7140019001
-0.7217441899
-0.7293599579
-0.7368474405
-0.7442048977
-0.7514306134
-0.7585228962
-0.7654800791
-0.7723005207
-0.7789826049
-0.7855247420
-0.7919253684
-0.7981829473
-0.8042959692
-0.8102629519
-0.8160824414
-0.8217530117
-0.8272732655
-0.8326418344
-0.8378573793
-0.8429185907
-0.8478241892
-0.8525729254
-0.8571635808
-0.8615949676
-0.8658659292
-0.8699753408
-0.8739221089
-0.8777051726
-0.8813235030
-0.8847761039
-0.8880620123
-0.8911802979
-0.8941300641
-0.8969104479
-0.8995206202
-0.9019597859
-0.9042271845
-0.9063220898
-0.9082438104
-0.9099916901
-0.9115651076
-0.9129634770
-0.9141862481
-0.9152329063
-0.9161029727
-0.9167960046
-0.9173115955
-0.9176493750
-0.9178090094
-0.9177902013
-0.9175926902
-0.9172162521
-0.9166607003
-0.9159258848
-0.9150116927
-0.9139180482
-0.9126449128
-0.9111922853
-0.9095602017
-0.9077487355
-0.9057579974
-0.9035881358
-0.9012393363
-0.8987118222
-0.8960058540
-0.8931217298
-0.8900597852
-0.8868203931
-0.8834039639
-0.8798109452
-0.8760418221
-0.8720971167
-0.8679773887
-0.8636832344
-0.8592152875
-0.8545742185
-0.8497607349
-0.8447755807
-0.8396195367
-0.8342934202
-0.8287980848
-0.8231344204
-0.8173033531
-0.8113058448
-0.8051428932
-0.7988155316
-0.7923248289
-0.7856718889
-0.7788578509
-0.7718838886
-0.7647512108
-0.7574610602
-0.7500147142
-0.7424134839
-0.7346587141
-0.7267517831
-0.7186941026
-0.7104871169
-0.7021323033
-0.6936311713
-0.6849852626
-0.6761961508
-0.6672654407
-0.6581947687
-0.6489858018
-0.6396402378
-0.6301598044
-0.6205462596
-0.6108013907
-0.6009270142
-0.5909249755
-0.5807971486
-0.5705454354
-0.5601717655
-0.5496780962
-0.5390664114
-0.5283387216
-0.5174970635
-0.5065434997
-0.4954801179
-0.4843090308
-0.4730323755
-0.4616523133
-0.4501710290
-0.4385907304
-0.4269136484
-0.4151420357
-0.4032781671
-0.3913243387
-0.3792828673
-0.3671560901
-0.3549463644
-0.3426560666
-0.3302875922
-0.3178433551
-0.3053257872
-0.2927373375
-0.2800804723
-0.2673576740
-0.2545714410
-0.2417242871
-0.2288187408
-0.2158573450
-0.2028426563
-0.1897772445
-0.1766636922
-0.1635045942
-0.1503025567
-0.1370601970
-0.1237801430
-0.1104650326
-0.0971175129
-0.0837402399
-0.0703358781
-0.0569070993
-0.0434565827
-0.0299870141
-0.0165010852
-0.0030014931
+0.0105090601
+0.0240278681
+0.0375522209
+0.0510794054
+0.0646067059
+0.0781314047
+0.0916507828
+0.1051621202
+0.1186626969
+0.1321497932
+0.1456206902
+0.1590726707
+0.1725030194
+0.1859090239
+0.1992879749
+0.2126371669
+0.2259538992
+0.2392354756
+0.2524792058
+0.2656824056
+0.2788423976
+0.2919565116
+0.3050220854
+0.3180364652
+0.3309970064
+0.3439010738
+0.3567460425
+0.3695292984
+0.3822482387
+0.3949002723
+0.4074828209
+0.4199933189
+0.4324292143
+0.4447879694
+0.4570670609
+0.4692639809
+0.4813762373
+0.4934013541
+0.5053368722
+0.5171803499
+0.5289293635
+0.5405815076
+0.5521343956
+0.5635856607
+0.5749329559
+0.5861739548
+0.5973063517
+0.6083278628
+0.6192362260
+0.6300292019
+0.6407045741
+0.6512601494
+0.6616937588
+0.6720032577
+0.6821865262
+0.6922414700
+0.7021660204
+0.7119581352
+0.7216157986
+0.7311370221
+0.7405198450
+0.7497623342
+0.7588625854
+0.7678187229
+0.7766289004
+0.7852913013
+0.7938041388
+0.8021656570
+0.8103741305
+0.8184278652
+0.8263251986
+0.8340645003
+0.8416441720
+0.8490626481
+0.8563183962
+0.8634099171
+0.8703357451
+0.8770944490
+0.8836846313
+0.8901049296
+0.8963540161
+0.9024305985
+0.9083334197
+0.9140612586
+0.9196129299
+0.9249872850
+0.9301832113
+0.9351996335
+0.9400355130
+0.9446898487
+0.9491616768
+0.9534500712
+0.9575541438
+0.9614730446
+0.9652059618
+0.9687521220
+0.9721107906
+0.9752812716
+0.9782629082
+0.9810550824
+0.9836572156
+0.9860687685
+0.9882892413
+0.9903181737
+0.9921551452
+0.9937997749
+0.9952517221
+0.9965106855
+0.9975764043
+0.9984486575
+0.9991272643
+0.9996120840
+0.9999030160
+1.0000000000
+0.9999030160
+0.9996120840
+0.9991272643
+0.9984486575
+0.9975764043
+0.9965106855
+0.9952517221
+0.9937997749
+0.9921551452
+0.9903181737
+0.9882892413
+0.9860687685
+0.9836572156
+0.9810550824
+0.9782629082
+0.9752812716
+0.9721107906
+0.9687521220
+0.9652059618
+0.9614730446
+0.9575541438
+0.9534500712
+0.9491616768
+0.9446898487
+0.9400355130
+0.9351996335
+0.9301832113
+0.9249872850
+0.9196129299
+0.9140612586
+0.9083334197
+0.9024305985
+0.8963540161
+0.8901049296
+0.8836846313
+0.8770944490
+0.8703357451
+0.8634099171
+0.8563183962
+0.8490626481
+0.8416441720
+0.8340645003
+0.8263251986
+0.8184278652
+0.8103741305
+0.8021656570
+0.7938041388
+0.7852913013
+0.7766289004
+0.7678187229
+0.7588625854
+0.7497623342
+0.7405198450
+0.7311370221
+0.7216157986
+0.7119581352
+0.7021660204
+0.6922414700
+0.6821865262
+0.6720032577
+0.6616937588
+0.6512601494
+0.6407045741
+0.6300292019
+0.6192362260
+0.6083278628
+0.5973063517
+0.5861739548
+0.5749329559
+0.5635856607
+0.5521343956
+0.5405815076
+0.5289293635
+0.5171803499
+0.5053368722
+0.4934013541
+0.4813762373
+0.4692639809
+0.4570670609
+0.4447879694
+0.4324292143
+0.4199933189
+0.4074828209
+0.3949002723
+0.3822482387
+0.3695292984
+0.3567460425
+0.3439010738
+0.3309970064
+0.3180364652
+0.3050220854
+0.2919565116
+0.2788423976
+0.2656824056
+0.2524792058
+0.2392354756
+0.2259538992
+0.2126371669
+0.1992879749
+0.1859090239
+0.1725030194
+0.1590726707
+0.1456206902
+0.1321497932
+0.1186626969
+0.1051621202
+0.0916507828
+0.0781314047
+0.0646067059
+0.0510794054
+0.0375522209
+0.0240278681
+0.0105090601
-0.0030014931
-0.0165010852
-0.0299870141
-0.0434565827
-0.0569070993
-0.0703358781
-0.0837402399
-0.0971175129
-0.1104650326
-0.1237801430
-0.1370601970
-0.1503025567
-0.1635045942
-0.1766636922
-0.1897772445
-0.2028426563
-0.2158573450
-0.2288187408
-0.2417242871
-0.2545714410
-0.2673576740
-0.2800804723
-0.2927373375
-0.3053257872
-0.3178433551
-0.3302875922
-0.3426560666
-0.3549463644
-0.3671560901
-0.3792828673
-0.3913243387
-0.4032781671
-0.4151420357
-0.4269136484
-0.4385907304
-0.4501710290
-0.4616523133
-0.4730323755
-0.4843090308
-0.4954801179
-0.5065434997
-0.5174970635
-0.5283387216
-0.5390664114
-0.5496780962
-0.5601717655
-0.5705454354
-0.5807971486
-0.5909249755
-0.6009270142
-0.6108013907
-0.6205462596
-0.6301598044
-0.6396402378
-0.6489858018
-0.6581947687
-0.6672654407
-0.6761961508
-0.6849852626
-0.6936311713
-0.7021323033
-0.7104871169
-0.7186941026
-0.7267517831
-0.7346587141
-0.7424134839
-0.7500147142
-0.7574610602
-0.7647512108
-0.7718838886
-0.7788578509
-0.7856718889
-0.7923248289
-0.7988155316
-0.8051428932
-0.8113058448
-0.8173033531
-0.8231344204
-0.8287980848
-0.8342934202
-0.8396195367
-0.8447755807
-0.8497607349
-0.8545742185
-0.8592152875
-0.8636832344
-0.8679773887
-0.8720971167
-0.8760418221
-0.8798109452
-0.8834039639
-0.8868203931
-0.8900597852
-0.8931217298
-0.8960058540
-0.8987118222
-0.9012393363
-0.9035881358
-0.9057579974
-0.9077487355
-0.9095602017
-0.9111922853
-0.9126449128
-0.9139180482
-0.9150116927
-0.9159258848
-0.9166607003
-0.9172162521
-0.9175926902
-0.9177902013
-0.9178090094
-0.9176493750
-0.9173115955
-0.9167960046
-0.9161029727
-0.9152329063
-0.9141862481
-0.9129634770
-0.9115651076
-0.9099916901
-0.9082438104
-0.9063220898
-0.9042271845
-0.9019597859
-0.8995206202
-0.8969104479
-0.8941300641
-0.8911802979
-0.8880620123
-0.8847761039
-0.8813235030
-0.8777051726
-0.8739221089
-0.8699753408
-0.8658659292
-0.8615949676
-0.8571635808
-0.8525729254
-0.8478241892
-0.8429185907
-0.8378573793
-0.8326418344
-0.8272732655
-0.8217530117
-0.8160824414
-0.8102629519
-0.8042959692
-0.7981829473
-0.7919253684
-0.7855247420
-0.7789826049
-0.7723005207
-0.7654800791
-0.7585228962
-0.7514306134
-0.7442048977
-0.7368474405
-0.7293599579
-0.7217441899
-0.7140019001
-0.7061348755
-0.6981449254
-0.6900338819
-0.6818035986
-0.6734559509
-0.6649928349
-0.6564161675
-0.6477278857
-0.6389299460
-0.6300243244
-0.6210130154
-0.6118980319
-0.6026814046
-0.5933651818
-0.5839514283
-0.5744422255
-0.5648396710
-0.5551458774
-0.5453629726
-0.5354930990
-0.5255384128
-0.5155010839
-0.5053832952
-0.4951872422
-0.4849151322
-0.4745691843
-0.4641516287
-0.4536647058
-0.4431106665
-0.4324917709
-0.4218102883
-0.4110684966
-0.4002686815
-0.3894131365
-0.3785041619
-0.3675440648
-0.3565351580
-0.3454797600
-0.3343801942
-0.3232387884
-0.3120578747
-0.3008397884
-0.2895868677
-0.2783014534
-0.2669858883
-0.2556425165
-0.2442736830
-0.2328817335
-0.2214690132
-0.2100378671
-0.1985906390
-0.1871296709
-0.1756573031
-0.1641758730
-0.1526877151
-0.1411951602
-0.1297005352
-0.1182061623
-0.1067143587
-0.0952274362
-0.0837477003
-0.0722774502
-0.0608189782
-0.0493745690
-0.0379464994
-0.0265370377
-0.0151484437
-0.0037829673
+0.0075571509
+0.0188696807
+0.0301524028
+0.0414031088
+0.0526196022
+0.0637996982
+0.0749412248
+0.0860420229
+0.0970999467
+0.1081128641
+0.1190786575
+0.1299952238
+0.1408604749
+0.1516723384
+0.1624287577
+0.1731276925
+0.1837671191
+0.1943450310
+0.2048594394
+0.2153083730
+0.2256898789
+0.2360020231
+0.2462428903
+0.2564105846
+0.2665032300
+0.2765189706
+0.2864559708
+0.2963124158
+0.3060865122
+0.3157764877
+0.3253805922
+0.3348970973
+0.3443242974
+0.3536605095
+0.3629040738
+0.3720533535
+0.3811067360
+0.3900626322
+0.3989194775
+0.4076757317
+0.4163298794
+0.4248804303
+0.4333259194
+0.4416649071
+0.4498959800
+0.4580177502
+0.4660288565
+0.4739279642
+0.4817137650
+0.4893849779
+0.4969403489
+0.5043786513
+0.5116986862
+0.5188992820
+0.5259792955
+0.5329376113
+0.5397731424
+0.5464848300
+0.5530716442
+0.5595325836
+0.5658666758
+0.5720729773
+0.5781505739
+0.5840985804
+0.5899161412
+0.5956024301
+0.6011566505
+0.6065780354
+0.6118658476
+0.6170193797
+0.6220379544
+0.6269209242
+0.6316676716
+0.6362776094
+0.6407501804
+0.6450848576
+0.6492811442
+0.6533385736
+0.6572567097
+0.6610351464
+0.6646735080
+0.6681714490
+0.6715286543
+0.6747448390
+0.6778197483
+0.6807531577
+0.6835448731
+0.6861947302
+0.6887025950
+0.6910683633
+0.6932919611
+0.6953733443
+0.6973124984
+0.6991094390
+0.7007642110
+0.7022768890
+0.7036475774
+0.7048764094
+0.7059635479
+0.7069091847
+0.7077135408
+0.7083768659
+0.7088994386
+0.7092815661
+0.7095235839
+0.7096258559
+0.7095887743
+0.7094127591
+0.7090982582
+0.7086457471
+0.7080557288
+0.7073287335
+0.7064653184
+0.7054660679
+0.7043315926
+0.7030625301
+0.7016595437
+0.7001233232
+0.6984545839
+0.6966540668
+0.6947225381
+0.6926607894
+0.6904696368
+0.6881499212
+0.6857025077
+0.6831282858
+0.6804281685
+0.6776030926
+0.6746540178
+0.6715819274
+0.6683878268
+0.6650727444
+0.6616377303
+0.6580838567
+0.6544122174
+0.6506239272
+0.6467201222
+0.6427019589
+0.6385706142
+0.6343272850
+0.6299731879
+0.6255095590
+0.6209376532
+0.6162587443
+0.6114741244
+0.6065851038
+0.6015930102
+0.5964991891
+0.5913050025
+0.5860118297
+0.5806210657
+0.5751341219
+0.5695524251
+0.5638774175
+0.5581105561
+0.5522533125
+0.5463071725
+0.5402736356
+0.5341542149
+0.5279504364
+0.5216638390
+0.5152959737
+0.5088484036
+0.5023227033
+0.4957204588
+0.4890432667
+0.4822927341
+0.4754704782
+0.4685781259
+0.4616173132
+0.4545896854
+0.4474968960
+0.4403406067
+0.4331224871
+0.4258442140
+0.4185074713
+0.4111139494
+0.4036653451
+0.3961633608
+0.3886097045
+0.3810060892
+0.3733542324
+0.3656558563
+0.3579126865
+0.3501264524
+0.3422988865
+0.3344317239
+0.3265267022
+0.3185855609
+0.3106100410
+0.3026018849
+0.2945628357
+0.2864946369
+0.2783990321
+0.2702777647
+0.2621325773
+0.2539652114
+0.2457774072
+0.2375709029
+0.2293474348
+0.2211087363
+0.2128565383
+0.2045925681
+0.1963185495
+0.1880362022
+0.1797472417
+0.1714533788
+0.1631563190
+0.1548577627
+0.1465594042
+0.1382629320
+0.1299700280
+0.1216823673
+0.1134016179
+0.1051294403
+0.0968674872
+0.0886174033
+0.0803808246
+0.0721593786
+0.0639546834
+0.0557683480
+0.0476019714
+0.0394571427
+0.0313354405
+0.0232384331
+0.0151676774
+0.0071247192
-0.0008889070
-0.0088716789
-0.0168220860
-0.0247386306
-0.0326198273
-0.0404642039
-0.0482703013
-0.0560366739
-0.0637618900
-0.0714445318
-0.0790831957
-0.0866764929
-0.0942230492
-0.1017215053
-0.1091705174
-0.1165687569
-0.1239149113
-0.1312076837
-0.1384457936
-0.1456279767
-0.1527529854
-0.1598195889
-0.1668265733
-0.1737727422
-0.1806569162
-0.1874779337
-0.1942346510
-0.2009259420
-0.2075506991
-0.2141078328
-0.2205962720
-0.2270149645
-0.2333628765
-0.2396389936
-0.2458423201
-0.2519718796
-0.2580267152
-0.2640058895
-0.2699084844
-0.2757336020
-0.2814803639
-0.2871479120
-0.2927354079
-0.2982420338
-0.3036669918
-0.3090095046
-0.3142688154
-0.3194441879
-0.3245349063
-0.3295402757
-0.3344596219
-0.3392922915
-0.3440376520
-0.3486950918
-0.3532640206
-0.3577438687
-0.3621340878
-0.3664341505
-0.3706435509
-0.3747618039
-0.3787884457
-0.3827230338
-0.3865651468
-0.3903143847
-0.3939703686
-0.3975327407
-0.4010011647
-0.4043753253
-0.4076549283
-0.4108397011
-0.4139293916
-0.4169237694
-0.4198226247
-0.4226257690
-0.4253330347
-0.4279442751
-0.4304593644
-0.4328781977
-0.4352006907
-0.4374267798
-0.4395564222
-0.4415895953
-0.4435262974
-0.4453665468
-0.4471103823
-0.4487578627
-0.4503090670
-0.4517640942
-0.4531230632
-0.4543861127
-0.4555534009
-0.4566251056
-0.4576014242
-0.4584825733
-0.4592687885
-0.4599603246
-0.4605574554
-0.4610604732
-0.4614696891
-0.4617854327
-0.4620080517
-0.4621379123
-0.4621753983
-0.4621209117
-0.4619748720
-0.4617377163
-0.4614098989
-0.4609918914
-0.4604841825
-0.4598872774
-0.4592016983
-0.4584279834
-0.4575666876
-0.4566183817
-0.4555836522
-0.4544631015
-0.4532573473
-0.4519670228
-0.4505927760
-0.4491352699
-0.4475951822
-0.4459732049
-0.4442700443
-0.4424864207
-0.4406230682
-0.4386807344
-0.4366601802
-0.4345621799
-0.4323875204
-0.4301370013
-0.4278114348
-0.4254116450
-0.4229384682
-0.4203927525
-0.4177753572
-0.4150871530
-0.4123290217
-0.4095018558
-0.4066065582
-0.4036440423
-0.4006152313
-0.3975210584
-0.3943624662
-0.3911404067
-0.3878558408
-0.3845097383
-0.3811030776
-0.3776368451
-0.3741120356
-0.3705296514
-0.3668907025
-0.3631962061
-0.3594471863
-0.3556446742
-0.3517897071
-0.3478833289
-0.3439265893
-0.3399205436
-0.3358662528
-0.3317647830
-0.3276172052
-0.3234245954
-0.3191880337
-0.3149086046
-0.3105873964
-0.3062255011
-0.3018240143
-0.2973840345
-0.2929066633
-0.2883930049
-0.2838441660
-0.2792612551
-0.2746453831
-0.2699976621
-0.2653192060
-0.2606111294
-0.2558745483
-0.2511105789
-0.2463203380
-0.2415049426
-0.2366655096
-0.2318031554
-0.2269189960
-0.2220141465
-0.2170897210
-0.2121468324
-0.2071865917
-0.2022101086
-0.1972184904
-0.1922128425
-0.1871942676
-0.1821638658
-0.1771227342
-0.1720719669
-0.1670126546
-0.1619458842
-0.1568727391
-0.1517942984
-0.1467116371
-0.1416258257
-0.1365379300
-0.1314490110
-0.1263601245
-0.1212723210
-0.1161866457
-0.1111041378
-0.1060258308
-0.1009527520
-0.0958859225
-0.0908263569
-0.0857750629
-0.0807330417
-0.0757012872
-0.0706807861
-0.0656725178
-0.0606774540
-0.0556965586
-0.0507307878
-0.0457810894
-0.0408484031
-0.0359336602
-0.0310377832
-0.0261616860
-0.0213062736
-0.0164724420
-0.0116610777
-0.0068730580
-0.0021092509
+0.0026294856
+0.0073423030
+0.0120283630
+0.0166868371
+0.0213169072
+0.0259177653
+0.0304886139
+0.0350286663
+0.0395371462
+0.0440132881
+0.0484563376
+0.0528655511
+0.0572401963
+0.0615795521
+0.0658829085
+0.0701495672
+0.0743788412
+0.0785700554
+0.0827225460
+0.0868356613
+0.0909087613
+0.0949412179
+0.0989324153
+0.1028817493
+0.1067886283
+0.1106524728
+0.1144727154
+0.1182488012
+0.1219801877
+0.1256663448
+0.1293067550
+0.1329009131
+0.1364483269
+0.1399485165
+0.1434010149
+0.1468053675
+0.1501611328
+0.1534678819
+0.1567251986
+0.1599326798
+0.1630899349
+0.1661965865
+0.1692522698
+0.1722566330
+0.1752093372
+0.1781100563
+0.1809584773
+0.1837542998
+0.1864972367
+0.1891870133
+0.1918233681
+0.1944060524
+0.1969348304
+0.1994094791
+0.2018297881
+0.2041955601
+0.2065066104
+0.2087627671
+0.2109638709
+0.2131097753
+0.2152003463
+0.2172354626
+0.2192150153
+0.2211389082
+0.2230070574
+0.2248193915
+0.2265758513
+0.2282763901
+0.2299209733
+0.2315095784
+0.2330421953
+0.2345188257
+0.2359394834
+0.2373041940
+0.2386129951
+0.2398659359
+0.2410630774
+0.2422044922
+0.2432902644
+0.2443204895
+0.2452952745
+0.2462147376
+0.2470790081
+0.2478882265
+0.2486425443
+0.2493421238
+0.2499871383
+0.2505777716
+0.2511142183
+0.2515966832
+0.2520253819
+0.2524005400
+0.2527223934
+0.2529911880
+0.2532071797
+0.2533706344
+0.2534818274
+0.2535410439
+0.2535485786
+0.2535047353
+0.2534098273
+0.2532641771
+0.2530681160
+0.2528219843
+0.2525261310
+0.2521809138
+0.2517866990
+0.2513438610
+0.2508527826
+0.2503138549
+0.2497274766
+0.2490940545
+0.2484140031
+0.2476877443
+0.2469157076
+0.2460983297
+0.2452360546
+0.2443293332
+0.2433786232
+0.2423843892
+0.2413471023
+0.2402672401
+0.2391452864
+0.2379817313
+0.2367770708
+0.2355318069
+0.2342464471
+0.2329215049
+0.2315574987
+0.2301549526
+0.2287143957
+0.2272363619
+0.2257213904
+0.2241700246
+0.2225828128
+0.2209603075
+0.2193030656
+0.2176116480
+0.2158866195
+0.2141285488
+0.2123380083
+0.2105155738
+0.2086618245
+0.2067773428
+0.2048627143
+0.2029185272
+0.2009453728
+0.1989438449
+0.1969145395
+0.1948580555
+0.1927749934
+0.1906659560
+0.1885315481
+0.1863723760
+0.1841890477
+0.1819821726
+0.1797523616
+0.1775002265
+0.1752263802
+0.1729314366
+0.1706160103
+0.1682807163
+0.1659261702
+0.1635529881
+0.1611617859
+0.1587531798
+0.1563277858
+0.1538862198
+0.1514290972
+0.1489570329
+0.1464706412
+0.1439705357
+0.1414573289
+0.1389316325
+0.1363940569
+0.1338452112
+0.1312857033
+0.1287161392
+0.1261371236
+0.1235492591
+0.1209531466
+0.1183493849
+0.1157385707
+0.1131212982
+0.1104981595
+0.1078697440
+0.1052366387
+0.1025994275
+0.0999586918
+0.0973150098
+0.0946689569
+0.0920211049
+0.0893720228
+0.0867222759
+0.0840724260
+0.0814230314
+0.0787746468
+0.0761278229
+0.0734831066
+0.0708410407
+0.0682021642
+0.0655670116
+0.0629361132
+0.0603099950
+0.0576891786
+0.0550741809
+0.0524655143
+0.0498636864
+0.0472692001
+0.0446825533
+0.0421042391
+0.0395347454
+0.0369745551
+0.0344241458
+0.0318839900
+0.0293545549
+0.0268363020
+0.0243296877
+0.0218351626
+0.0193531718
+0.0168841548
+0.0144285454
+0.0119867714
+0.0095592550
+0.0071464124
+0.0047486538
+0.0023663836
+0.0000000000
-0.0023501049
-0.0046835452
-0.0069999410
-0.0092989188
-0.0115801114
-0.0138431577
-0.0160877032
-0.0183133997
-0.0205199054
-0.0227068850
-0.0248740098
-0.0270209574
-0.0291474120
-0.0312530647
-0.0333376128
-0.0354007603
-0.0374422182
-0.0394617037
-0.0414589411
-0.0434336610
-0.0453856011
-0.0473145057
-0.0492201257
-0.0511022189
-0.0529605500
-0.0547948902
-0.0566050176
-0.0583907172
-0.0601517806
-0.0618880063
-0.0635991995
-0.0652851724
-0.0669457436
-0.0685807388
-0.0701899905
-0.0717733376
-0.0733306261
-0.0748617086
-0.0763664444
-0.0778446996
-0.0792963469
-0.0807212658
-0.0821193422
-0.0834904691
-0.0848345456
-0.0861514777
-0.0874411780
-0.0887035655
-0.0899385657
-0.0911461107
-0.0923261391
-0.0934785958
-0.0946034321
-0.0957006057
-0.0967700808
-0.0978118276
-0.0988258228
-0.0998120492
-0.1007704957
-0.1017011575
-0.1026040359
-0.1034791381
-0.1043264774
-0.1051460732
-0.1059379506
-0.1067021407
-0.1074386804
-0.1081476123
-0.1088289849
-0.1094828523
-0.1101092740
-0.1107083155
-0.1112800475
-0.1118245462
-0.1123418934
-0.1128321759
-0.1132954862
-0.1137319218
-0.1141415854
-0.1145245848
-0.1148810330
-0.1152110477
-0.1155147519
-0.1157922733
-0.1160437442
-0.1162693021
-0.1164690888
-0.1166432508
-0.1167919392
-0.1169153097
-0.1170135221
-0.1170867409
-0.1171351346
-0.1171588761
-0.1171581423
-0.1171331143
-0.1170839771
-0.1170109198
-0.1169141350
-0.1167938194
-0.1166501735
-0.1164834012
-0.1162937100
-0.1160813110
-0.1158464188
-0.1155892511
-0.1153100291
-0.1150089772
-0.1146863229
-0.1143422966
-0.1139771320
-0.1135910654
-0.1131843361
-0.1127571863
-0.1123098606
-0.1118426064
-0.1113556736
-0.1108493145
-0.1103237839
-0.1097793388
-0.1092162386
-0.1086347447
-0.1080351207
-0.1074176322
-0.1067825467
-0.1061301335
-0.1054606638
-0.1047744106
-0.1040716484
-0.1033526532
-0.1026177027
-0.1018670760
-0.1011010533
-0.1003199163
-0.0995239480
-0.0987134322
-0.0978886540
-0.0970498994
-0.0961974554
-0.0953316097
-0.0944526509
-0.0935608682
-0.0926565515
-0.0917399913
-0.0908114784
-0.0898713043
-0.0889197605
-0.0879571391
-0.0869837323
-0.0859998323
-0.0850057317
-0.0840017228
-0.0829880980
-0.0819651495
-0.0809331695
-0.0798924497
-0.0788432817
-0.0777859566
-0.0767207650
-0.0756479972
-0.0745679427
-0.0734808906
-0.0723871293
-0.0712869461
-0.0701806280
-0.0690684608
-0.0679507294
-0.0668277180
-0.0656997094
-0.0645669854
-0.0634298269
-0.0622885134
-0.0611433230
-0.0599945328
-0.0588424182
-0.0576872536
-0.0565293116
-0.0553688634
-0.0542061786
-0.0530415251
-0.0518751695
-0.0507073762
-0.0495384082
-0.0483685266
-0.0471979905
-0.0460270572
-0.0448559823
-0.0436850190
-0.0425144188
-0.0413444310
-0.0401753028
-0.0390072793
-0.0378406034
-0.0366755158
-0.0355122549
-0.0343510567
-0.0331921552
-0.0320357817
-0.0308821652
-0.0297315324
-0.0285841074
-0.0274401118
-0.0262997648
-0.0251632828
-0.0240308799
-0.0229027674
-0.0217791540
-0.0206602459
-0.0195462462
-0.0184373557
-0.0173337722
-0.0162356910
-0.0151433042
-0.0140568015
-0.0129763695
-0.0119021921
-0.0108344503
-0.0097733221
-0.0087189827
-0.0076716045
-0.0066313567
-0.0055984056
-0.0045729147
-0.0035550445
-0.0025449523
-0.0015427925
-0.0005487166
+0.0004371270
+0.0014145931
+0.0023835393
+0.0033438264
+0.0042953181
+0.0052378815
+0.0061713863
+0.0070957058
+0.0080107159
+0.0089162959
+0.0098123280
+0.0106986977
+0.0115752934
+0.0124420066
+0.0132987320
+0.0141453673
+0.0149818134
+0.0158079741
+0.0166237565
+0.0174290705
+0.0182238294
+0.0190079493
+0.0197813496
+0.0205439524
+0.0212956833
+0.0220364706
+0.0227662457
+0.0234849431
+0.0241925003
+0.0248888578
+0.0255739591
+0.0262477505
+0.0269101815
+0.0275612045
+0.0282007748
+0.0288288506
+0.0294453931
+0.0300503663
+0.0306437372
+0.0312254756
+0.0317955540
+0.0323539480
+0.0329006358
+0.0334355986
+0.0339588201
+0.0344702871
+0.0349699888
+0.0354579174
+0.0359340675
+0.0363984366
+0.0368510249
+0.0372918349
+0.0377208721
+0.0381381444
+0.0385436621
+0.0389374385
+0.0393194888
+0.0396898313
+0.0400484863
+0.0403954767
+0.0407308279
+0.0410545676
+0.0413667258
+0.0416673351
+0.0419564299
+0.0422340475
+0.0425002269
+0.0427550097
+0.0429984395
+0.0432305621
+0.0434514255
+0.0436610797
+0.0438595770
+0.0440469714
+0.0442233193
+0.0443886787
+0.0445431099
+0.0446866750
+0.0448194379
+0.0449414645
+0.0450528225
+0.0451535813
+0.0452438123
+0.0453235885
+0.0453929845
+0.0454520767
+0.0455009432
+0.0455396637
+0.0455683194
+0.0455869931
+0.0455957690
+0.0455947330
+0.0455839723
+0.0455635756
+0.0455336329
+0.0454942356
+0.0454454765
+0.0453874495
+0.0453202499
+0.0452439742
+0.0451587201
+0.0450645865
+0.0449616733
+0.0448500815
+0.0447299133
+0.0446012718
+0.0444642612
+0.0443189865
+0.0441655538
+0.0440040701
+0.0438346430
+0.0436573812
+0.0434723942
+0.0432797921
+0.0430796858
+0.0428721870
+0.0426574079
+0.0424354616
+0.0422064614
+0.0419705216
+0.0417277569
+0.0414782823
+0.0412222136
+0.0409596668
+0.0406907585
+0.0404156056
+0.0401343254
+0.0398470355
+0.0395538538
+0.0392548984
+0.0389502879
+0.0386401408
+0.0383245759
+0.0380037122
+0.0376776688
+0.0373465648
+0.0370105196
+0.0366696523
+0.0363240824
+0.0359739289
+0.0356193113
+0.0352603486
+0.0348971599
+0.0345298642
+0.0341585802
+0.0337834265
+0.0334045216
+0.0330219835
+0.0326359303
+0.0322464795
+0.0318537486
+0.0314578544
+0.0310589137
+0.0306570426
+0.0302523572
+0.0298449729
+0.0294350045
+0.0290225668
+0.0286077737
+0.0281907387
+0.0277715750
+0.0273503948
+0.0269273100
+0.0265024320
+0.0260758714
+0.0256477381
+0.0252181416
+0.0247871905
+0.0243549928
+0.0239216557
+0.0234872858
+0.0230519888
+0.0226158698
+0.0221790329
+0.0217415817
+0.0213036186
+0.0208652455
+0.0204265633
+0.0199876719
+0.0195486707
+0.0191096577
+0.0186707304
+0.0182319852
+0.0177935176
+0.0173554221
+0.0169177922
+0.0164807206
+0.0160442988
+0.0156086173
+0.0151737659
+0.0147398329
+0.0143069059
+0.0138750714
+0.0134444147
+0.0130150201
+0.0125869709
+0.0121603492
+0.0117352361
+0.0113117115
+0.0108898543
+0.0104697421
+0.0100514516
+0.0096350581
+0.0092206359
+0.0088082582
+0.0083979970
+0.0079899231
+0.0075841061
+0.0071806145
+0.0067795156
+0.0063808755
+0.0059847591
+0.0055912302
+0.0052003512
+0.0048121836
+0.0044267874
+0.0040442216
+0.0036645439
+0.0032878108
+0.0029140776
+0.0025433983
+0.0021758259
+0.0018114120
+0.0014502070
+0.0010922602
+0.0007376195
+0.0003863318
+0.0000384426
-0.0003060036
-0.0006469639
-0.0009843961
-0.0013182597
-0.0016485150
-0.0019751237
-0.0022980488
-0.0026172543
-0.0029327055
-0.0032443689
-0.0035522122
-0.0038562041
-0.0041563148
-0.0044525154
-0.0047447784
-0.0050330773
-0.0053173868
-0.0055976828
-0.0058739423
-0.0061461435
-0.0064142658
-0.0066782895
-0.0069381963
-0.0071939688
-0.0074455909
-0.0076930475
-0.0079363246
-0.0081754094
-0.0084102900
-0.0086409559
-0.0088673972
-0.0090896054
-0.0093075731
-0.0095212937
-0.0097307617
-0.0099359729
-0.0101369237
-0.0103336118
-0.0105260358
-0.0107141953
-0.0108980909
-0.0110777242
-0.0112530976
-0.0114242148
-0.0115910800
-0.0117536986
-0.0119120770
-0.0120662222
-0.0122161424
-0.0123618466
-0.0125033445
-0.0126406470
-0.0127737656
-0.0129027127
-0.0130275015
-0.0131481463
-0.0132646617
-0.0133770637
-0.0134853685
-0.0135895935
-0.0136897568
-0.0137858770
-0.0138779737
-0.0139660672
-0.0140501784
-0.0141303291
-0.0142065414
-0.0142788386
-0.0143472443
-0.0144117830
-0.0144724795
-0.0145293596
-0.0145824495
-0.0146317762
-0.0146773671
-0.0147192502
-0.0147574542
-0.0147920083
-0.0148229422
-0.0148502862
-0.0148740710
-0.0148943279
-0.0149110888
-0.0149243859
-0.0149342520
-0.0149407202
-0.0149438242
-0.0149435981
-0.0149400764
-0.0149332940
-0.0149232862
-0.0149100888
-0.0148937376
-0.0148742693
-0.0148517206
-0.0148261285
-0.0147975305
-0.0147659643
-0.0147314680
-0.0146940800
-0.0146538387
-0.0146107831
-0.0145649523
-0.0145163856
-0.0144651226
-0.0144112031
-0.0143546672
-0.0142955549
-0.0142339067
-0.0141697632
-0.0141031650
-0.0140341529
-0.0139627681
-0.0138890515
-0.0138130444
-0.0137347881
-0.0136543241
-0.0135716938
-0.0134869389
-0.0134001009
-0.0133112216
-0.0132203426
-0.0131275058
-0.0130327528
-0.0129361255
-0.0128376656
-0.0127374150
-0.0126354153
-0.0125317083
-0.0124263356
-0.0123193389
-0.0122107597
-0.0121006395
-0.0119890198
-0.0118759419
-0.0117614470
-0.0116455763
-0.0115283708
-0.0114098713
-0.0112901187
-0.0111691536
-0.0110470164
-0.0109237476
-0.0107993872
-0.0106739753
-0.0105475516
-0.0104201559
-0.0102918276
-0.0101626059
-0.0100325298
-0.0099016381
-0.0097699695
-0.0096375624
-0.0095044548
-0.0093706846
-0.0092362895
-0.0091013069
-0.0089657739
-0.0088297274
-0.0086932039
-0.0085562397
-0.0084188709
-0.0082811332
-0.0081430621
-0.0080046926
-0.0078660596
-0.0077271977
-0.0075881409
-0.0074489233
-0.0073095783
-0.0071701392
-0.0070306388
-0.0068911098
-0.0067515843
-0.0066120941
-0.0064726709
-0.0063333457
-0.0061941493
-0.0060551122
-0.0059162644
-0.0057776356
-0.0056392553
-0.0055011522
-0.0053633550
-0.0052258919
-0.0050887906
-0.0049520787
-0.0048157831
-0.0046799305
-0.0045445471
-0.0044096589
-0.0042752911
-0.0041414690
-0.0040082172
-0.0038755599
-0.0037435209
-0.0036121238
-0.0034813916
-0.0033513469
-0.0032220119
-0.0030934085
-0.0029655581
-0.0028384816
-0.0027121996
-0.0025867324
-0.0024620997
-0.0023383208
-0.0022154147
-0.0020933999
-0.0019722945
-0.0018521162
-0.0017328823
-0.0016146097
-0.0014973148
-0.0013810137
-0.0012657220
-0.0011514550
-0.0010382275
-0.0009260538
-0.0008149481
-0.0007049239
-0.0005959944
-0.0004881724
-0.0003814703
-0.0002759001
-0.0001714733
-0.0000682012
+0.0000339054
+0.0001348361
+0.0002345810
+0.0003331303
+0.0004304750
+0.0005266060
+0.0006215150
+0.0007151939
+0.0008076349
+0.0008988308
+0.0009887746
+0.0010774598
+0.0011648801
+0.0012510296
+0.0013359031
+0.0014194952
+0.0015018013
+0.0015828169
+0.0016625381
+0.0017409612
+0.0018180828
+0.0018938998
+0.0019684098
+0.0020416103
+0.0021134993
+0.0021840753
+0.0022533368
+0.0023212830
+0.0023879131
+0.0024532268
+0.0025172240
+0.0025799050
+0.0026412704
+0.0027013212
+0.0027600583
+0.0028174835
+0.0028735983
+0.0029284050
+0.0029819058
+0.0030341034
+0.0030850007
+0.0031346010
+0.0031829075
+0.0032299242
+0.0032756549
+0.0033201039
+0.0033632758
+0.0034051752
+0.0034458072
+0.0034851771
+0.0035232903
+0.0035601525
+0.0035957697
+0.0036301481
+0.0036632940
+0.0036952142
+0.0037259153
+0.0037554046
+0.0037836891
+0.0038107765
+0.0038366743
+0.0038613903
+0.0038849328
+0.0039073097
+0.0039285296
+0.0039486011
+0.0039675329
+0.0039853339
+0.0040020133
+0.0040175802
+0.0040320441
+0.0040454147
+0.0040577015
+0.0040689144
+0.0040790635
+0.0040881589
+0.0040962109
+0.0041032298
+0.0041092262
+0.0041142108
+0.0041181943
+0.0041211876
+0.0041232017
+0.0041242476
+0.0041243366
+0.0041234800
+0.0041216891
+0.0041189755
+0.0041153506
+0.0041108262
+0.0041054139
+0.0040991256
+0.0040919732
+0.0040839684
+0.0040751235
+0.0040654503
+0.0040549611
+0.0040436680
+0.0040315832
+0.0040187189
+0.0040050876
+0.0039907015
+0.0039755730
+0.0039597145
+0.0039431385
+0.0039258574
+0.0039078837
+0.0038892298
+0.0038699085
+0.0038499320
+0.0038293131
+0.0038080642
+0.0037861978
+0.0037637266
+0.0037406631
+0.0037170197
+0.0036928091
+0.0036680438
+0.0036427361
+0.0036168987
+0.0035905439
+0.0035636842
+0.0035363320
+0.0035084998
+0.0034801997
+0.0034514441
+0.0034222454
+0.0033926157
+0.0033625672
+0.0033321121
+0.0033012624
+0.0032700302
+0.0032384276
+0.0032064663
+0.0031741584
+0.0031415156
+0.0031085497
+0.0030752724
+0.0030416953
+0.0030078300
+0.0029736880
+0.0029392807
+0.0029046195
+0.0028697156
+0.0028345802
+0.0027992245
+0.0027636594
+0.0027278960
+0.0026919451
+0.0026558174
+0.0026195238
+0.0025830747
+0.0025464807
+0.0025097523
+0.0024728996
+0.0024359331
+0.0023988628
+0.0023616988
+0.0023244509
+0.0022871291
+0.0022497431
+0.0022123024
+0.0021748167
+0.0021372954
+0.0020997478
+0.0020621830
+0.0020246103
+0.0019870385
+0.0019494766
+0.0019119334
+0.0018744175
+0.0018369375
+0.0017995017
+0.0017621186
+0.0017247963
+0.0016875430
+0.0016503666
+0.0016132749
+0.0015762757
+0.0015393767
+0.0015025853
+0.0014659090
+0.0014293549
+0.0013929304
+0.0013566423
+0.0013204976
+0.0012845031
+0.0012486655
+0.0012129914
+0.0011774871
+0.0011421590
+0.0011070132
+0.0010720559
+0.0010372930
+0.0010027303
+0.0009683735
+0.0009342283
+0.0009003000
+0.0008665941
+0.0008331158
+0.0007998701
+0.0007668620
+0.0007340965
+0.0007015783
+0.0006693120
+0.0006373021
+0.0006055530
+0.0005740690
+0.0005428542
+0.0005119127
+0.0004812484
+0.0004508652
+0.0004207666
+0.0003909563
+0.0003614377
+0.0003322142
+0.0003032890
+0.0002746653
+0.0002463460
+0.0002183341
+0.0001906322
+0.0001632432
+0.0001361695
+0.0001094137
+0.0000829780
+0.0000568647
+0.0000310759
+0.0000056137
-0.0000195200
-0.0000443234
-0.0000687948
-0.0000929325
-0.0001167351
-0.0001402012
-0.0001633294
-0.0001861185
-0.0002085675
-0.0002306753
-0.0002524409
-0.0002738636
-0.0002949426
-0.0003156773
-0.0003360672
-0.0003561118
-0.0003758106
-0.0003951636
-0.0004141704
-0.0004328310
-0.0004511453
-0.0004691135
-0.0004867356
-0.0005040120
-0.0005209429
-0.0005375287
-0.0005537700
-0.0005696672
-0.0005852211
-0.0006004322
-0.0006153015
-0.0006298297
-0.0006440179
-0.0006578669
-0.0006713779
-0.0006845519
-0.0006973904
-0.0007098944
-0.0007220653
-0.0007339046
-0.0007454137
-0.0007565942
-0.0007674476
-0.0007779755
-0.0007881798
-0.0007980622
-0.0008076244
-0.0008168685
-0.0008257962
-0.0008344096
-0.0008427108
-0.0008507018
-0.0008583847
-0.0008657618
-0.0008728353
-0.0008796074
-0.0008860805
-0.0008922569
-0.0008981391
-0.0009037294
-0.0009090305
-0.0009140448
-0.0009187749
-0.0009232233
-0.0009273928
-0.0009312860
-0.0009349055
-0.0009382543
-0.0009413349
-0.0009441502
-0.0009467031
-0.0009489963
-0.0009510328
-0.0009528155
-0.0009543473
-0.0009556312
-0.0009566701
-0.0009574671
-0.0009580251
-0.0009583473
-0.0009584366
-0.0009582961
-0.0009579290
-0.0009573383
-0.0009565271
-0.0009554987
-0.0009542561
-0.0009528024
-0.0009511410
-0.0009492749
-0.0009472073
-0.0009449414
-0.0009424805
-0.0009398277
-0.0009369863
-0.0009339595
-0.0009307504
-0.0009273623
-0.0009237985
-0.0009200621
-0.0009161565
-0.0009120847
-0.0009078501
-0.0009034558
-0.0008989051
-0.0008942013
-0.0008893474
-0.0008843467
-0.0008792024
-0.0008739177
-0.0008684958
-0.0008629398
-0.0008572529
